These are the results of running 200 iterations of 50000 steps each. This gives
a predicted free energy of -2.75 +/- 0.25, which compares well with the
result predicted by ProtoMS (-3.0 +/- 0.9)

# Free energies predicted from each iteration
              1       2.86181035
              2       0.83648375
              3       0.13610000
              4       0.90616945
              5      -0.68356575
              6      -2.25599730
              7      -2.18830195
              8      -2.19642890
              9      -1.83585825
             10      -0.96441825
             11      -1.21502980
             12      -1.42745010
             13      -2.68312985
             14      -2.90135795
             15      -2.20273060
             16      -3.28933210
             17      -1.82723855
             18      -1.94840125
             19      -2.01236280
             20      -2.17454350
             21      -2.45534835
             22      -1.36063635
             23      -1.90415835
             24      -2.24652905
             25      -2.32441485
             26      -2.44903825
             27      -1.11602660
             28      -1.54593230
             29      -2.20814660
             30      -2.60562540
             31      -3.29482015
             32      -4.23039690
             33      -3.13878865
             34      -2.59626795
             35      -2.21378440
             36      -1.17385515
             37      -1.94142600
             38      -2.70054035
             39      -2.33531015
             40      -2.33870600
             41      -2.01431430
             42      -1.53592180
             43      -1.36701475
             44      -2.68825345
             45      -1.87246280
             46      -2.75241370
             47      -3.59606510
             48      -3.43790200
             49      -2.62643435
             50      -2.71625950
             51      -2.48022590
             52      -2.24843750
             53      -1.63077895
             54      -2.88864515
             55      -2.95379005
             56      -3.54756700
             57      -3.43931630
             58      -3.85364055
             59      -3.95519400
             60      -3.19915565
             61      -2.65540825
             62      -1.82826455
             63      -1.07045655
             64      -2.07508690
             65      -1.94686600
             66      -1.61711940
             67      -2.16143090
             68      -3.27374125
             69      -2.28524860
             70      -2.76508470
             71      -1.67048125
             72      -1.52845605
             73      -2.02602815
             74      -1.80314085
             75      -1.46554310
             76      -0.65726505
             77      -1.82961310
             78      -2.37911120
             79      -2.84596120
             80      -1.78724215
             81      -1.87464230
             82      -3.03923985
             83      -2.27107075
             84      -2.29149895
             85      -3.19199200
             86      -2.33186285
             87      -4.56755955
             88      -3.77948245
             89      -3.95353435
             90      -3.33098460
             91      -3.15265830
             92      -2.67354630
             93      -2.10990665
             94      -2.43899455
             95      -3.22472560
             96      -3.42310160
             97      -2.43117405
             98      -2.45990575
             99      -3.30519440
            100      -2.20399775
            101      -3.02512045
            102      -3.70584815
            103      -3.07448015
            104      -1.58887550
            105      -2.48652880
            106      -2.89335135
            107      -2.57218565
            108      -2.77131040
            109      -3.48585370
            110      -2.56693025
            111      -2.76527080
            112      -2.72997440
            113      -1.75847075
            114      -2.30846785
            115      -2.66214290
            116      -1.99348000
            117      -1.70522260
            118      -2.21060405
            119      -1.93899695
            120      -2.17656915
            121      -1.95867620
            122      -1.60358175
            123      -4.10881900
            124      -3.93958710
            125      -3.76247455
            126      -3.64177150
            127      -2.99916765
            128      -2.03537290
            129      -2.37646375
            130      -4.45169565
            131      -3.19673835
            132      -3.02327320
            133      -2.58240090
            134      -1.87366475
            135      -2.46395690
            136      -1.79172535
            137      -3.02380055
            138      -3.38119755
            139      -3.77448380
            140      -2.20804005
            141      -2.31692820
            142      -2.16598820
            143      -2.51712965
            144      -2.63276005
            145      -1.48944780
            146      -1.31431570
            147      -3.05282625
            148      -4.58209620
            149      -3.35355800
            150      -3.14105195
            151      -4.34844820
            152      -4.61649980
            153      -3.34450640
            154      -3.56762355
            155      -3.53839060
            156      -4.09838625
            157      -5.13671555
            158      -3.77633320
            159      -2.98329400
            160      -2.96348655
            161      -3.46004260
            162      -3.57504950
            163      -4.23642530
            164      -3.94569715
            165      -3.85882800
            166      -3.89737620
            167      -4.38537830
            168      -3.24369295
            169      -2.68746685
            170      -2.18729080
            171      -2.91272945
            172      -1.62123100
            173      -2.51640020
            174      -2.96971580
            175      -2.34693165
            176      -3.03279765
            177      -3.74848815
            178      -3.90370950
            179      -2.92228980
            180      -2.32910485
            181      -3.38595475
            182      -4.11751125
            183      -4.88256325
            184      -3.48441275
            185      -3.27036035
            186      -3.51183370
            187      -2.66208655
            188      -1.93577420
            189      -4.13718135
            190      -4.13654305
            191      -4.07382800
            192      -3.12625510
            193      -3.69113755
            194      -3.04381820
            195      -4.09620250
            196      -4.01178465
            197      -3.63297570
            198      -3.05001910
            199      -4.16259845
            200      -3.32074840

# Rolling average free energy with error bars
              1      -2.67423173      -2.44858297      -2.89988049
              2      -2.70205104      -2.47701361      -2.92708846
              3      -2.71992242      -2.49511162      -2.94473323
              4      -2.73442000      -2.50980771      -2.95903229
              5      -2.75299443      -2.52864536      -2.97734351
              6      -2.76360689      -2.53892446      -2.98828932
              7      -2.76622343      -2.54139970      -2.99104716
              8      -2.76921785      -2.54421353      -2.99422217
              9      -2.77220112      -2.54729399      -2.99710825
             10      -2.77710344      -2.55180500      -3.00240188
             11      -2.78664389      -2.56087612      -3.01241166
             12      -2.79495931      -2.56867984      -3.02123877
             13      -2.80223329      -2.57626190      -3.02820468
             14      -2.80287021      -2.57642513      -3.02931529
             15      -2.80234071      -2.57507495      -3.02960646
             16      -2.80558184      -2.57743382      -3.03372986
             17      -2.80295276      -2.57373252      -3.03217301
             18      -2.80828453      -2.57829780      -3.03827127
             19      -2.81300917      -2.58204916      -3.04396918
             20      -2.81743263      -2.58556635      -3.04929891
             21      -2.82100424      -2.58809985      -3.05390862
             22      -2.82304701      -2.58903706      -3.05705695
             23      -2.83126280      -2.59655493      -3.06597066
             24      -2.83650067      -2.60096219      -3.07203916
             25      -2.83985279      -2.60334823      -3.07635734
             26      -2.84279815      -2.60531905      -3.08027724
             27      -2.84506113      -2.60663867      -3.08348360
             28      -2.85505555      -2.61617046      -3.09394064
             29      -2.86266673      -2.62317727      -3.10215620
             30      -2.86649434      -2.62632220      -3.10666648
             31      -2.86802886      -2.62709450      -3.10896322
             32      -2.86550347      -2.62412300      -3.10688394
             33      -2.85737910      -2.61600086      -3.09875734
             34      -2.85569402      -2.61331672      -3.09807131
             35      -2.85725682      -2.61430573      -3.10020792
             36      -2.86115666      -2.61730908      -3.10500423
             37      -2.87144508      -2.62720551      -3.11568465
             38      -2.87715072      -2.63217093      -3.12213051
             39      -2.87824091      -2.63238907      -3.12409274
             40      -2.88161315      -2.63450286      -3.12872343
             41      -2.88500632      -2.63694961      -3.13306302
             42      -2.89048237      -2.64143461      -3.13953012
             43      -2.89905553      -2.64902378      -3.14908729
             44      -2.90881376      -2.65808464      -3.15954287
             45      -2.91022760      -2.65847384      -3.16198137
             46      -2.91692286      -2.66446813      -3.16937759
             47      -2.91799110      -2.66478046      -3.17120175
             48      -2.91355925      -2.65968656      -3.16743193
             49      -2.91010962      -2.65548476      -3.16473449
             50      -2.91198827      -2.65648558      -3.16749095
             51      -2.91329313      -2.65653269      -3.17005356
             52      -2.91619962      -2.65801895      -3.17438028
             53      -2.92071152      -2.66133372      -3.18008932
             54      -2.92948657      -2.66902193      -3.18995122
             55      -2.92976631      -2.66811575      -3.19141687
             56      -2.92960063      -2.66713325      -3.19206801
             57      -2.92530920      -2.66192340      -3.18869499
             58      -2.92171474      -2.65727053      -3.18615895
             59      -2.91515188      -2.65074689      -3.17955688
             60      -2.90777570      -2.64253694      -3.17301445
             61      -2.90569441      -2.63982169      -3.17156713
             62      -2.90749503      -2.64062653      -3.17436353
             63      -2.91531554      -2.64766919      -3.18296190
             64      -2.92878167      -2.66035593      -3.19720741
             65      -2.93505883      -2.66534350      -3.20477417
             66      -2.94237878      -2.67143676      -3.21332080
             67      -2.95226878      -2.68036358      -3.22417397
             68      -2.95821493      -2.68593279      -3.23049706
             69      -2.95582458      -2.68274144      -3.22890771
             70      -2.96094348      -2.68811076      -3.23377619
             71      -2.96245008      -2.68970676      -3.23519341
             72      -2.97246534      -2.69944219      -3.24548849
             73      -2.98374667      -2.71041437      -3.25707896
             74      -2.99128776      -2.71659279      -3.26598272
             75      -3.00071749      -2.72448013      -3.27695486
             76      -3.01299889      -2.73599097      -3.29000681
             77      -3.03199674      -2.75432642      -3.30966706
             78      -3.04177222      -2.76276313      -3.32078131
             79      -3.04720387      -2.76625752      -3.32815022
             80      -3.04886703      -2.76637853      -3.33135553
             81      -3.05938057      -2.77572071      -3.34304043
             82      -3.06933636      -2.78397058      -3.35470213
             83      -3.06959141      -2.78299021      -3.35619261
             84      -3.07641637      -2.78835631      -3.36447644
             85      -3.08318290      -2.79309991      -3.37326590
             86      -3.08223674      -2.79016155      -3.37431193
             87      -3.08881896      -2.79491493      -3.38272300
             88      -3.07573276      -2.78193678      -3.36952875
             89      -3.06944928      -2.77430693      -3.36459164
             90      -3.06148455      -2.76430994      -3.35865917
             91      -3.05903455      -2.75990552      -3.35816358
             92      -3.05817562      -2.75828664      -3.35806460
             93      -3.06173700      -2.76048845      -3.36298555
             94      -3.07063261      -2.76756636      -3.37369886
             95      -3.07659146      -2.77110618      -3.38207674
             96      -3.07518066      -2.76744318      -3.38291814
             97      -3.07183527      -2.76234262      -3.38132792
             98      -3.07805528      -2.76669495      -3.38941561
             99      -3.08411557      -2.77062340      -3.39760774
            100      -3.08192667      -2.76625066      -3.39760268
            101      -3.09070596      -2.77287101      -3.40854091
            102      -3.09136844      -2.77175993      -3.41097695
            103      -3.08509824      -2.76334006      -3.40685641
            104      -3.08520770      -2.76166190      -3.40875351
            105      -3.10079450      -2.77627368      -3.42531531
            106      -3.10726045      -2.78018539      -3.43433552
            107      -3.10953608      -2.78126984      -3.43780232
            108      -3.11531404      -2.78522602      -3.44540207
            109      -3.11905321      -2.78709271      -3.45101371
            110      -3.11502244      -2.78442971      -3.44561516
            111      -3.12111235      -2.78945711      -3.45276759
            112      -3.12511057      -2.79119419      -3.45902695
            113      -3.12960075      -2.79338524      -3.46581626
            114      -3.14536087      -2.80861590      -3.48210584
            115      -3.15509218      -2.81686054      -3.49332382
            116      -3.16089159      -2.82021034      -3.50157283
            117      -3.17478934      -2.83297458      -3.51660411
            118      -3.19249497      -2.84966510      -3.53532483
            119      -3.20446925      -2.86055046      -3.54838803
            120      -3.22009236      -2.87430940      -3.56587532
            121      -3.23313640      -2.88511526      -3.58115754
            122      -3.24926881      -2.89934461      -3.59919300
            123      -3.27036736      -2.91895136      -3.62178336
            124      -3.25947838      -2.90475692      -3.61419984
            125      -3.25052958      -2.89355605      -3.60750310
            126      -3.24370365      -2.88340481      -3.60400249
            127      -3.23832435      -2.87710214      -3.59954656
            128      -3.24160047      -2.87730435      -3.60589659
            129      -3.25835363      -2.89129233      -3.62541493
            130      -3.27077462      -2.90238499      -3.63916424
            131      -3.25390432      -2.88643692      -3.62137171
            132      -3.25473281      -2.88871609      -3.62074953
            133      -3.25813662      -2.89071244      -3.62556081
            134      -3.26822223      -2.89740302      -3.63904145
            135      -3.28935189      -2.91550493      -3.66319886
            136      -3.30205028      -2.92448464      -3.67961591
            137      -3.32564910      -2.94485166      -3.70644655
            138      -3.33044035      -2.94741595      -3.71346475
            139      -3.32962169      -2.94463745      -3.71460592
            140      -3.32232886      -2.93506102      -3.70959671
            141      -3.34090034      -2.94980575      -3.73199494
            142      -3.35825580      -2.96389958      -3.75261203
            143      -3.37881214      -2.97986103      -3.77776326
            144      -3.39392938      -2.99011874      -3.79774002
            145      -3.40752169      -2.99943026      -3.81561312
            146      -3.44239576      -3.03035707      -3.85443445
            147      -3.48180465      -3.06479622      -3.89881307
            148      -3.48989858      -3.06829762      -3.91149955
            149      -3.46889478      -3.04430126      -3.89348830
            150      -3.47115629      -3.04315677      -3.89915580
            151      -3.47775837      -3.04508635      -3.91043039
            152      -3.45998919      -3.02369882      -3.89627957
            153      -3.43589522      -2.99431017      -3.87748027
            154      -3.43783966      -2.98884530      -3.88683403
            155      -3.43501828      -2.97958995      -3.89044660
            156      -3.43272111      -2.96966546      -3.89577677
            157      -3.41759236      -2.94905633      -3.88612839
            158      -3.37761275      -2.90636441      -3.84886109
            159      -3.36811941      -2.88894384      -3.84729498
            160      -3.37750539      -2.89160521      -3.86340557
            161      -3.38785586      -2.89369548      -3.88201625
            162      -3.38600492      -2.88558681      -3.88642303
            163      -3.38103006      -2.87628868      -3.88577145
            164      -3.35791127      -2.85641381      -3.85940874
            165      -3.34158389      -2.82902294      -3.85414484
            166      -3.32680549      -2.81064886      -3.84296211
            167      -3.31002399      -2.79275286      -3.82729513
            168      -3.27743750      -2.75736806      -3.79750694
            169      -3.27849202      -2.74929640      -3.80768763
            170      -3.29755735      -2.75933925      -3.83577545
            171      -3.33456623      -2.79181400      -3.87731846
            172      -3.34911233      -2.80213561      -3.89608904
            173      -3.41082237      -2.86037800      -3.96126675
            174      -3.44394912      -2.88818225      -3.99971599
            175      -3.46218886      -2.90801299      -4.01636474
            176      -3.50679915      -2.94085901      -4.07273930
            177      -3.52654921      -2.94844322      -4.10465521
            178      -3.51689970      -2.92932177      -4.10447762
            179      -3.49931743      -2.90603167      -4.09260320
            180      -3.52679494      -2.93411406      -4.11947582
            181      -3.58667944      -2.98358763      -4.18977125
            182      -3.59724390      -2.97785725      -4.21663055
            183      -3.56834016      -2.93060660      -4.20607371
            184      -3.49103292      -2.86434530      -4.11772054
            185      -3.49144668      -2.84087664      -4.14201672
            186      -3.50618577      -2.82562767      -4.18674386
            187      -3.50578234      -2.82156479      -4.18999990
            188      -3.57068202      -2.87359932      -4.26776471
            189      -3.70692434      -2.99780629      -4.41604238
            190      -3.66781006      -2.96566044      -4.36995968
            191      -3.62093677      -2.91966822      -4.32220531
            192      -3.57061552      -2.89699582      -4.24423521
            193      -3.62616057      -2.89347235      -4.35884879
            194      -3.61687814      -2.87941569      -4.35434060
            195      -3.71238813      -2.92341769      -4.50135858
            196      -3.63562526      -2.76881339      -4.50243713
            197      -3.54158541      -2.57725045      -4.50592038
            198      -3.51112198      -2.82646086      -4.19578311
            199      -3.74167343      -3.24464245      -4.23870440
            200      -3.32074840      -3.32074840      -3.32074840

# Iteration with smallest error == 5 (out of 200)

# Average PMF and error for this iteration
     0.00000000       0.00000000       0.00000000       0.00000000
     0.10000000      -0.18301982      -0.17791225      -0.18812740
     0.20000000      -0.28782801      -0.27305973      -0.30259628
     0.30000000      -0.43644337      -0.40791972      -0.46496702
     0.40000000      -0.56755475      -0.52188750      -0.61322201
     0.50000000      -0.70283426      -0.63648780      -0.76918072
     0.60000000      -0.90389375      -0.81312129      -0.99466621
     0.70000000      -1.21222407      -1.09338575      -1.33106239
     0.80000000      -1.70270576      -1.55194948      -1.85346204
     0.90000000      -2.37361479      -2.18700966      -2.56021992
     1.00000000      -2.75299443      -2.52864536      -2.97734351

